True False 2 2 Right 
0 0 False 5 5 0 0 0 0 0 
2 0 False 0 5 2 2 2 2 2 
4 0 False 5 5 0 0 0 0 0 
6 0 False 4 5 0 1 0 0 0 
8 0 False 5 5 0 0 0 0 0 
0 6 False 4 4 0 0 0 0 
2 6 False 4 4 0 0 0 0 
4 6 False 4 4 0 0 0 0 
6 6 False 4 4 0 0 0 0 
8 6 False 0 4 2 2 2 2 
2 1 False 0 4 2 2 2 2 
0 0 False 0 3 2 2 2 
7 8 True 3 3 0 0 0 
7 3 False 2 2 0 0 
3 6 False 2 2 0 0 
0 9 True 2 2 0 0 
9 0 False 1 1 0 
4 2 False 1 1 0 
6 0 False 1 1 0 
4 0 True 1 1 0 
1 1 1 1 1 0 6 6 6 6 22 22 22 0 35 35 0 0 0 6 37 37 37 37 37 37 0 0 0 0 0 0 0 0 0 0 0 0 0 6 22 22 22 22 22 37 7 7 7 7 0 21 21 21 21 0 0 0 35 0 37 37 37 37 37 37 0 0 0 0 0 0 0 0 0 0 5 5 0 0 3 3 3 3 3 0 8 8 8 8 10 0 8 0 0 0 0 0 0 0 0 0 0 0 0 0 0 0 0 0 0 0 0 0 0 0 0 0 0 0 4 14 4 4 4 0 9 9 9 9 9 0 0 0 0 0 0 0 0 0 0 35 0 0 35 37 35 37 37 35 0 0 0 4 4 0 0 0 3 0 5 5 5 5 5 37 30 30 30 30 0 0 0 0 0 0 0 0 3 0 0 0 0 0 0 37 37 37 37 37 7 0 0 0 0 0 0 0 3 0 
