True False 0 1 Left 
0 0 False 5 5 0 0 0 0 0 
2 0 False 5 5 0 0 0 0 0 
4 0 False 5 5 0 0 0 0 0 
6 0 False 5 5 0 0 0 0 0 
8 0 False 5 5 0 0 0 0 0 
0 6 False 4 4 0 0 0 0 
2 6 False 4 4 0 0 0 0 
4 6 False 0 4 2 2 2 2 
6 6 False 4 4 0 0 0 0 
8 6 False 4 4 0 0 0 0 
9 5 False 4 4 0 0 0 0 
0 2 True 3 3 0 0 0 
7 2 False 3 3 0 0 0 
6 7 False 2 2 0 0 
1 4 True 2 2 0 0 
1 7 False 2 2 0 0 
3 7 True 1 1 0 
9 1 True 1 1 0 
3 0 False 1 1 0 
5 5 True 1 1 0 
1 1 1 1 1 0 6 6 6 6 0 0 2 0 0 0 0 0 0 0 0 0 0 0 0 0 0 0 0 0 0 0 2 35 5 0 0 6 6 0 2 2 2 2 2 0 7 7 7 7 0 0 2 0 5 0 0 0 0 0 0 0 0 0 0 37 37 37 37 37 9 0 0 0 0 0 0 7 0 0 3 3 3 3 3 37 28 28 28 28 0 0 0 0 0 0 0 0 0 0 0 0 0 0 0 37 37 37 37 37 0 0 0 0 0 10 0 0 0 0 4 4 4 4 4 0 9 9 9 9 0 0 0 0 0 0 0 4 4 0 0 0 0 0 0 0 0 0 0 0 0 0 3 3 3 0 0 0 0 0 5 5 5 5 5 0 10 10 10 10 0 0 0 0 0 0 0 0 0 0 0 0 0 0 0 35 0 0 0 0 0 8 0 0 0 1 1 1 1 0 
